5385325663 3557255274 
1901684270 1643904780 
1712720853 1285255485 
3313670755 3612289293 
1784053657 1324361073 
2047085033 1768076684 
3265377964 2201205961 
5802590712 1444909430 
5813683422 5502444863 
5696868057 2273458114 
5703767853 5884018151 
3318891140 5171756084 
5238401303 1820419951 
1781564757 5866060520 5865711838 5866059657 3644905272 
5880932689 3309064125 3922789393 3783779257 
5616582628 1691879083 
5674318741 1945198942 
5087978803 5904271426 
1771561152 5121830162 5657668030 5073717557 
5514657643 1935322582 
5747212140 5680096142 
5207751982 5649223881 
5601723910 5866664082 5560471424 
1947989632 2477097843 
3153106030 2019342091 
5810335403 5384838049 
5380011298 2393121330 
1900398880 5874758257 
5611223932 1715602640 
2355644330 1012201285 
5061499107 5700003480 
5843757432 5502145297 5538949963 
1632304017 2241803804 
5908017717 1016172842 
5906112644 2152919335 
2821867554 1574647683 
1462670124 2175671192 
2810299081 5897941770 
1437629197 3319269371 
1825075297 2115437577 
5869322409 3928032598 
5892333755 1966839625 
5725974301 1791864055 
2715074321 1347301497 
3249713474 3872898941 
1557271357 3602822841 
2282442057 2791203641 
3826886308 5892763597 
5534473425 2809306700 
3649669134 5534282525 
2091202423 1766783472 
1072005272 1073482807 
5436932386 5525927113 
1778568094 5085667221 
5108595002 5258475455 
2215973472 3977157386 
3177495215 2003851975 
2917182571 1649893515 
5270235856 5694575740 
5441790127 5706385589 
2258169044 1883049330 
1954291441 5454718728 
1052482141 5902136296 5907467850 5897749952 
1959436047 2970917850 
3278159877 5900776951 
2183098312 5525270875 
2813266122 1849037023 
1693233557 3067734781 
1439506887 5173714739 
1848560340 5640353842 
5827657411 5762871640 
2188368014 5615600953 
1980219441 5892477232 
1451943175 5679933532 
5384864964 3818693416 
5897713098 5897713352 5894726294 5685769456 3822737431 
2960522593 5649041545 
1748909214 1787993131 
3571111025 1734301163 
5580089921 5518917793 
2966347412 2466380412 
5637553850 5638122925 5643362960 1574365442 
5839845448 5675907196 
5319468806 1908037072 
5463020469 1392203693 
5602032342 1624669793 
5900780787 1852968653 5901256625 5206563662 
3212709933 3238889972 
5657189758 2035797381 
1354838044 1306824953 
3720689115 1974625483 
5594573115 2163325492 1232980383 
1945410884 1409758634 
5520735336 3896902158 
5768509621 5881822898 
2954229382 2902136903 
5507461090 3983807142 
2646710501 5750164027 
1920018614 5361816337 
5264711325 5587620576 
3091034417 5720908108 
3608454360 5892216020 
1710769971 2827721260 
3705661472 2621902405 
1876535094 3837144082 
5760576187 2960486191 
3264337034 5833329783 
1557994250 2858978844 
1865790642 3063104341 
3561050861 1976965977 
3613257942 5590017461 
1800912692 2230428392 
3235320561 5871410007 
2391046460 5748105247 5281236794 
5242955127 2990338014 
3988296766 5657498065 
5896568016 5625608656 
1781827242 3139284123 
1765106845 5829572675 
3284050171 5906158897 
1204209200 5628633106 
1796908277 1134102634 
5906194207 5586248386 
5664626748 5792084736 
3816259321 3498162994 
1765304171 2704854824 
2282559281 5817872241 
3136942714 5904126071 
1702484884 5657972238 
1950894457 3960375132 5349104312 
3219852642 1856498930 
2772923833 5495175541 
5387693621 3566792072 
1418851660 2275700771 1401772211 
3033210277 2559229363 
3883513748 5677087871 
2846632104 5311174646 
5579998832 0155799988 
5351680259 5373120802 
1682300913 5764980036 
3803592271 3817444880 
1289878550 2259478120 
5301408157 5876115973 
2956564553 2787732054 
2829779844 5864288312 
1092627010 5688859513 
2978125483 5909512627 
1799767034 1893191550 
1802041971 0001180204 
1468905943 1767446442 
1200264510 3168542784 
5845297756 1787804855 
5897025071 3955909908 
5534308215 1956892704 
1691551174 1687830095 1924120302 
2724300815 2724053684 
5142305530 2672103103 
1649249510 1854680021 
1881146354 1921474590 
1508008632 3187964832 
1851105981 5641384843 
3564310084 2909255952 5604062825 
1109865472 5348835098 
2381156063 1747426523 
2774132494 5711653250 
5594755281 5886575119 
5264373745 3142909332 
1168637637 1686376375 
5392908008 3830405684 5577781640 
2930744573 1222337877 
5731123282 3652589331 
1715242471 5754966733 
2130430450 5562969664 
1933068517 2738450417 
5025097834 3927375533 
1870323712 3052306381 
5666034109 3553833815 
3265316170 2804300352 
1775338030 5652955520 
2969175270 2969205162 
2719969734 3041471890 
3434773930 5710507893 
5873096661 2780407373 
3880926040 1781315600 
5029020299 1006411712 
5499530960 2448365707 
2218123822 1724773107 
1813014682 3002707581 
5310957921 5848383249 
5508541680 3006414972 
5609305164 2793951407 
1760355054 2275712362 
2089585181 2105000452 
3607448040 1744027245 
2996774000 5650226981 
1687739610 1652158921 
2140984067 2569445882 
3807660724 2436617552 
3911562306 5880279968 
5866552639 2389007171 
5889666542 5591580650 
2280419040 5086902382 2258794764 
2863607500 1784910960 
2957164013 5893276366 
3625550814 3928165027 
3236631242 1365391571 
5702325149 3263411185 
1856129594 3958445701 3566846981 
1192848603 1301301490 3223315044 
3669123024 1640718042 
2868240452 5702605080 
2697971383 5901391670 
5822810271 3829928963 
5893725857 5367521753 5895948922 
1191822417 1918224173 0011918224 
2132704413 2273589254 
5283821737 5747697709 
1526402992 2584185442 
5668035879 3821475613 5533238034 
1736582303 1917810404 
1979606971 5098331220 
3916540363 5694665359 
1808782462 2922898254 
5748014473 2290971295 
2743117947 3295697323 
5336378131 5242045814 
1712286881 5623410233 
1901404673 2469199567 
2803133684 5229909257 
5881055118 3815379769 
5512291659 1886314287 2973945402 
5873670126 3185729254 
5433249155 3548580037 
5896047943 5565491582 
2551297081 5897663779 
1950650570 2502287010 
3498340621 5792717168 
3893918333 5029192915 1511695442 
5111898771 5112763944 
5849190911 5888766947 
3972943539 1670845133 
1067428660 5860521783 
2136574771 5305030187 
2067412855 5638059026 
1859008341 1653261825 
3200418537 0013200418 
3312149193 1687652693 
2983844600 5342064327 
3951937878 5736207602 
3226284712 5732402493 
2297721934 5892413080 5827396260 
1344048851 1665824632 
3035153553 5814032434 1773916531 
5643403341 1262551722 
1868719680 5751053009 
3573995127 2826138363 
1001619312 1345113334 
5827413950 3934580136 
1802001460 5860044348 
1738032507 5584738826 
5282013809 5709248313 
1557807577 5848722778 
3314090145 5620599660 
5146939398 2406549642 
5794847659 5795251519 5413472521 5579312555 5359390994 2129815247 
2563321747 1876931781 
2267552173 2684120630 5529259492 
1988445907 1109321163 
2814699453 1000128146 
1380727271 1573076119 3807272711 
5023430663 1527856612 3309933332 
5336993556 5558109012 
2680288931 2858446242 
5582992193 1794031172 
5846132433 5754671927 
2706309483 5632097876 
2142217532 5901332140 5800616777 5901332051 
3977486956 5696297313 1827149904 
5661809039 5080860483 
5777890944 1146428227 
1836880300 5782802986 
5891100293 1592248804 
5856092577 5253122584 
2197549782 2242875817 
2180540734 2591125964 
1721675454 1888080152 
5213965081 3201845180 
2856153902 1806274740 
2562672013 2513124667 
5046375720 5048184618 
1818056952 1752337414 5776214164 3549931302 
1644484763 2647951883 5834135699 
2158038952 1664339772 
5560437824 5407620889 
3189801027 5653243011 
3038918005 5109697315 
5883457146 3685187122 5460784591 1796573131 
1745056395 1968332181 
2611311397 5484223727 
2274483417 5610286902 
3913670882 5320244714 
1751028154 5893150122 
2692068711 3167801401 
2066321332 1918073187 
5492458160 5620795479 
3829171975 5897860831 
5670723410 1153212055 
3235516801 5678060246 
5819118761 5455529933 
1655340507 2387400824 
5901254625 5901050702 5900780787 1852968653 5900999193 5206563662 
1865220842 2053344620 
5705833449 5370595555 
1797158750 2621204015 
2533680375 5902304129 
5902704152 1444964302 
3292363830 5716422508 
5074572933 2036851562 5468930323 
2703363435 5284230247 2921265254 5190237358 
5874780009 2641139387 3392105734 5824585870 
5626126878 1842380420 
5230901130 5256683275 
3190309145 5561542662 
2957029244 2842558950 
5883735080 2890789915 
5053012805 5532064380 
5690772473 2159884804 
3600074960 5491364004 5333091403 
3242338673 1798096487 
2986421600 5657750066 
5770593203 5517817182 
1403663774 2473592040 
2846247584 1786624763 
3898921057 5312803076 
5724422937 1913967837 
3869311842 1603265567 
2150700837 3971251291 
1860764372 5888480680 
1745056395 1968332181 
5210529219 1435983961 5175263313 
2742542850 5638657922 
5346916321 5834858458 
3223596377 2040800752 1729033243 
2096594151 5664407262 
1695315111 2955825485 3627951991 
3852959925 1944384451 
5037399707 2948824232 
3219026185 1749150287 
3061088912 5904409637 
5558212697 3031352035 
2438172360 5842489461 
5166891626 2646757704 
5066386354 2643621400 
2744734021 1758279591 
3181057410 5868537300 
5234846588 1949736151 
2300496410 3925782364 
5785260769 3193776302 3959247949 
5514288663 3089159875 
1142336803 5902224593 
5246139058 3190101850 
2859479924 2687282843 2687274763 
5220738225 5282257470 
5694600069 2378317903 5854207013 
1644889245 5053573988 
3109105811 5604131707 1729090364 
2806033630 3851736514 
2237897035 5902043101 
5889068892 5884888470 
1900313083 3224511913 
2652964885 3299262543 5792895925 
2231241502 2851893151 
5760332871 3194314452 
5209306196 5016116531 2027275855 
5898625715 2880845110 
5247535649 5257888688 
1927375687 2610281505 5105755608 
2134929657 5535501811 
1970380977 1941967140 
2251963470 1641271627 5885359901 
1221900102 5328950588 
2199021177 2702882391 
5870658163 1075956784 
5179689157 2165899847 
1013548731 5237219339 
3993019892 5542894091 
3570470015 1762632460 
2437721797 2036291657 
1825075297 2115437577 
0110817602 1081760297 
2563091010 3612289293 
5539728099 5871568053 
1003000651 1774084967 
1410773283 5305810363 
2318344904 5400812419 
2867060272 5344819766 
3849498182 5601746967 5650291429 
2961226503 0001512508 5125082195 
5443531997 3635781315 
5187444304 1630519761 
3099248255 2180203940 
2726696685 2301107392 
3208796407 3188391582 
1407297431 1732436011 
3510949722 5611565021 
1936982150 5904052724 
3733350620 1737073452 
3955054376 1765595582 
3989565835 5661477951 
3240617557 2453482325 
3240658094 1106878797 
5606512643 5055722638 
5012850944 5155739843 
5315661328 5210561908 
3891073015 3481787882 
5255797374 2139611634 
1114416451 2597525710 
2250730223 3890232868 
5662754668 1011276395 
1727700900 5701481820 1813500294 
1100354221 2288020475 
5857839293 2311539854 
5703945866 2792972380 
5304976174 5462182490 1012642592 
5233400467 1796491592 
1168828493 5345115251 
5884010783 1665022855 
3467574060 1693733244 
2304183044 2452561704 
2970606434 2316593233 
2741748744 5588786675 
5710322148 3463894624 
5639599353 1684592870 
2158209502 3402391702 
1285218801 1645689510 
1891877872 1940952195 
2095443261 1611025175 
2660463434 3243784925 
5668815384 3249995414 
2329780234 5886592180 
1774004520 2927043543 
1691989023 1994787563 
3932584091 5112879155 1730716514 3620335954 
5149042736 1651969675 
3612260175 1692236977 
1733049671 5311666214 
1799542900 2890315452 
2301381332 1797160444 
1514352269 5143522694 
5573380756 5049295707 5444657821 
3535367703 2650325723 
1294809612 1986143382 
2771352693 2006234085 
5172852618 1300739287 
1252361035 5872610283 
2626872322 5904276426 
1871993050 5884540625 
2267178192 5711196851 
5237684742 5525650424 
5833334408 1223911411 
5239362655 1883830410 
1830224385 3720118822 5822022036 
5863398782 5891973860 5864718911 2283540894 5891910483 
3800497992 5204190404 
1882589370 1840084942 
1000155497 5549760727 
5646240103 2398075377 
2180211845 1624568335 
1401646413 2548539932 
1935259891 2441625844 
2490336625 1710664087 
2433483225 1763212493 
2103862737 5873073716 
1526402992 2584185442 
2791772765 2692372642 
5267616046 2948339663 
2836301851 3246338552 
1796794797 5847482069 
5315304134 1822538757 5266877963 
5734176685 5864355007 
1633001374 1707895823 
5580881653 3163629132 
5876556928 5771602504 1970212344 
5292956613 1210320862 
1831110937 1928862137 
2955731535 3076302983 
5079368498 2402997145 
3726559830 1836731190 1805129051 
5465522683 5299350536 
2033573587 5723127632 
5776237346 5856307772 3433288574 2617654510 
5274894235 3916467170 
5832864848 3273390622 
2486434077 5599599081 
5704891062 5882440954 
3734843863 2706092545 
5886513442 5499503785 
1948781624 5810035219 
1773388110 2121074010 
3165776531 1774386643 
5326885250 1759984731 
2995070512 5701508431 
5599646197 1718083214 
2697730141 1184100680 
1874436511 1948537090 
5894030471 2914192465 
5898752905 2986003911 
2729119830 2313182010 
5817715576 3516386597 
3074730497 5751960253 
1600641767 2637648494 
2352057083 5900816328 
1706587674 5888221808 
5019386648 2122878351 
5868314805 2595808162 
1712661457 3206832123 
2048227204 1068756760 
1945445675 5874301569 
3912878603 5852700123 
3259657725 2471754770 
2911649987 5013233140 2179895800 
2098468440 1209846844 
5245731417 5603288698 
3757515203 3291876685 
5604783388 1116282081 3884759402 
1142232052 2774503644 2806674720 2806644510 2775463572 
1915680705 1775131012 
1746072101 5268182659 
2331500721 5694550359 5054200318 
5873096661 2780407373 
5338189328 5259142928 
1876178117 0001187617 
5581680815 5208257025 
5604112346 2696613340 
2011930717 3985195989 
3133974681 1774958701 
1764566033 1743497685 
3086043985 1768630972 
1188723003 1912943473 
1887213200 2363329052 
2859633884 5809700150 
3943204704 2683432612 
2003173224 3711915105 
1950454424 1927699221 
5274998823 2933185291 
5022475472 2850721435 
5680938928 2355048615 
5075088746 1957695017 
1903666853 5662091348 
1826038350 2814050122 
5905550908 2993166424 
1764400683 1765478874 
5911657977 3156858145 
2791570401 3607450345 
1497356872 2095835215 
1613441534 5287636686 
1827174480 2092831712 
1787871745 5602476893 
2924636013 0012924636 
3560194410 3873224649 5321546003 
5840089585 5179807642 
3175853894 5890512359 1988471247 
5672519273 5820120203 
1604212793 5673000847 
1582955757 2996806992 
1816433944 5819978344 
2586697722 1858230840 
1658956235 5172444750 
5891488586 1994283861 
1594407657 5306147120 
2772314067 5240332812 
2018713897 3289412260 
1728661764 5255751243 
5905781065 2683016243 
1862689117 3866072365 
5896926910 3803282110 2839837412 
5887076820 1880346672 
1985452601 2148164680 
1341118140 1008523307 
2878619052 2508813811 
5312377024 5534165785 
5200799254 2211698874 
5704761418 5892346240 
1863630480 1215466821 
5304464639 5719639452 5824160904 
2513249297 2318702804 
5019772307 1644250417 
1702982362 5904423002 
5503114748 3220493497 
5251306632 2286817194 
5043409926 1789683801 
1924886650 5049096777 
5800652704 1742571875 5890003059 
1714710634 3386116474 
2618206763 5812654662 
5515789743 5899970189 
5541676029 2599208020 
5315483079 3853146298 
5870069870 1922828262 
5091524508 1996042045 5652970922 
3991882627 5652141052 
5249882633 2313044894 
5580938767 3591293962 
5636072581 1840406082 
1076684233 1648953860 
1950876757 2598189413 
1715242471 5754966733 
2345539514 5830706570 
5508451361 2782997311 
2181418924 1890435374 
5884200686 2056449892 
2005439753 3704924120 
1710390391 3562115460 
5487892551 5759572822 
2866260747 1254965291 
3923610013 2644034671 
5568745903 1470031592 
1820807204 3780986880 
2176530594 2550151450 
5049130390 5046330560 
3538669862 5107479749 
1963759927 2181930612 
2749024465 3146188475 
1822737701 2039953634 
1895501067 5876336139 
5794847659 5579312555 2129815247 
5134800788 2322514353 
2736449350 5610805606 
5812920447 3207158114 
1843529480 1838571827 
1820920385 5625429339 
2698909632 3181171560 
1639753735 1583715514 
5763230120 1943179911 
5744691743 2962472010 
5856210415 2316253977 
5041157590 5840434893 
5838258673 1905137955 
5906146469 5078287594 5548951331 
5658939357 2897859457 
3861586652 1948050334 
1106273823 3956271282 
2174054707 2124024403 
2839741221 5058739084 
5605832899 1669736165 1688744661 
1862473297 5849594444 
1821339164 3037425047 
2022418032 1728890740 
1079482425 1693356155 
5238850265 5233523487 
2513657150 3914450725 
5495373721 5736785736 5361420297 5670066853 
5533293055 5799812822 
1677001065 5021648951 
2664063490 3023825511 
3610711265 1777982621 
5285618143 3290606544 
5362387125 5507938318 
3380809114 2348406082 
2289506191 5044164769 
3198134493 3177869353 
2108454394 5666705434 
5898227227 2880500381 
1697041282 5428983732 
3310830461 5337727412 
2281859784 1789968393 
5626340818 5896292781 
2635547782 1476287285 2691381481 
1813014682 3002707581 
2116818144 1984919177 
5794001110 2810017364 
1918130267 2694626583 1734071747 
2899104350 2143014764 
1850683790 3161758267 5892123380 
1686811712 5534504097 
3879653050 5860365607 
1911735672 0011911735 
2925236904 2924749987 
2817137740 1745727322 
2957094594 2325670622 
5205684318 2858416600 5791878181 
1917095653 1141546002 
3970075257 5802229433 2873094770 
5654932609 3219819922 
2331500721 5694550359 5054200318 
3590925493 3297521677 
2691993367 2392755117 
3865253641 1956994694 5405867310 
1740902601 5639541392 
2117001224 5563448292 
5868510029 2643326375 
1859731433 2766198382 5874562147 
1937048457 1913874167 
3143912371 1792806860 
5698133498 3120346930 5662716452 
1723072854 3228066135 
5711108657 2030864854 
5664572661 2841834260 
1023450873 2788651347 
3272784624 1700173621 
5413544113 5251998292 1947107127 
2650114943 1627086133 
5893922923 2114784761 
2817092760 5613838335 
2930882961 2983542591 
2569342231 1838337237 
1696215243 3979776768 
5303218447 1694980554 
1403721472 5696051753 
5678842540 5679576443 
5894536326 5104985303 
2883192925 5888549991 
2697971383 5901391670 
1076024192 5660893783 
3045637680 1827940512 3155655880 
5404911253 1628719827 
2262459965 5757355542 
1918130267 2694626583 1734071747 
5817255770 3659896931 
5249882633 2313044894 0001219639 
2798869584 1930768453 
5404741696 3227806675 
3967678262 3731853693 
3606653177 5871956077 5130210700 
1753019654 3933884955 
5181982108 2644341337 
5609219190 3299533664 
1798385362 5889769035 
1951880793 5658124087 
1996625261 2680808042 
1763823690 1970779914 
1808795994 3596991214 
5592891463 1399681684 5419632857 
1770348905 3476200980 3474955304 3478536173 
3308695045 2614858444 
2969510293 2141825125 
3361964430 0013361964 
2671186132 2924602743 
5277026787 1895497065 5014686668 1828303935 
5494018683 5693123027 
5623614831 5666821935 
1751605190 5342621549 
2495935694 2142945237 
5732631360 5044051436 
2168198205 5091270559 
5462639731 1790138924 
5651675876 3675819134 
2113329113 5546576536 
5901021312 1686323030 
1516718243 1936929641 
2759263545 2899733573 
5853546974 2332414750 
3772416783 5625105207 
5905704822 2912700410 
2727573533 2110400057 
1790442777 5872514678 
1622625361 1685395170 
5698844093 2894128041 
1495133615 5540861049 
1768151434 3181761150 
5817565350 5278026593 3761994803 
5819166184 5714395646 2438645060 
1867901260 1565118765 
1769184593 5903022075 5889622672 
5528707177 5403532738 
5579578475 3944461426 
3108531731 2266223870 2559384710 5885724345 
5863901800 2346493401 
5907293482 5906223127 
3081535223 2830464397 
3012979151 1835228467 
3494310487 2722813042 3493829992 2722772530 
2824298540 1774269710 2810194007 
5828005403 2364613623 
5245428380 3549856607 3616186932 
1627077405 2698867992 
2995189031 1689885073 
5639638564 2739025902 5639110776 
1047382521 5408791792 
5556393810 2406358872 
5578405310 2974317495 5890406500 3179150692 
2836132772 3722383130 
1811092040 5673346095 
2423665547 5570886841 1296320052 
3209710530 2633185570 
1183698152 1836981521 
3721563140 5870348932 
1677398553 1257337771 
2564284613 1710806365 
5765591284 5473679025 
3252078742 5686151442 
3921042440 1978849587 
5136289832 3803843568 
2378385970 2101612025 
5652902010 5198990160 
3202977461 5562587898 
5771770223 2281310272 
0012936609 2936609287 
3017129331 5849563731 
5900080849 5524578466 
5850950603 2208628074 
5527071921 5195958271 
5633655447 5125919285 
2817166434 1852067112 
3191517444 5103074025 
5704960801 2880281975 
2085781691 5386146461 
1821181470 3655735133 
5650666945 2629546421 
5474805476 2981814484 
0001296762 2967625923 
0152366845 5236684531 
1248633743 2486337433 
3229721353 5260918819 
5902702687 1697779317 
1841295134 2718366562 
5734554474 1747828792 
1152076305 2321984674 
5905940154 5665320428 5905942034 5428909218 5906157519 
5685062240 2774534593 
2140829767 5464635827 
3031260460 5913218031 
5899617927 2535497045 
3522185413 2771592102 5744251843 
5718684100 1771108620 
5758854278 2787201334 
5904494741 3706158407 5892737641 5893240767 5892931539 
3120740082 5665465178 
2161868612 5905548822 
2290963790 1745518363 
5252767972 5904401185 
3864596318 5138772410 
2817166434 2143548074 1852067112 
1550538327 5071782304 
0015660983 5660983830 
5698346050 1644624607 
3996718470 3523157657 
2863876404 3518555930 5891139053 
1965264125 5840244813 
3035527281 5607170091 
2924862391 2929869551 
5165099040 5186924632 
5452355688 1698751635 
1977191053 1571631727 
2234220894 2683243151 
5859253433 3164880113 
1190887279 1908872793 
5664213244 3501801982 5871755833 
5238251772 3313670755 5876359046 
2014526807 1602237662 
1274636322 1570553055 
1892602140 1897288135 3690797897 
3481071810 1711197222 2615404735 
2632919631 2005345552 3089308035 1961413745 1779157033 1797309101 1799719682 1779715225 5820139344 
5883112472 5635686281 
2869824010 5889273362 
3764040240 2334045370 
1496682271 2696918442 
1444616382 5901317398 
5847982107 2325009982 
3183985911 5896055732 3734923031 
1742086980 1808058860 
5514263112 5261329573 
1717016550 1845055514 
5602163748 5228048796 
1841300757 2892264367 
5618937684 5720926791 
3310094894 1916120473 
1789755203 3232476364 
1731806567 2813519230 
1576811400 1697369517 
5822192158 5330546229 
3512206653 3512208503 5049181702 2371852855 
1942573691 5876860210 
5494147935 5229502143 
5622270588 1768583135 2184560823 
2607267462 1000126072 
2242751382 2691859081 
5829745481 2661288405 
5333091403 5491364004 
5892868714 3294756182 
3304763630 5712905083 
2761346625 3842689583 
3177753794 5465400255 5282297961 
5902349176 2054719522 
1208190286 2081902865 
5816517099 2164319731 
2439905741 1725747587 
1822425694 3558425525 
1290667170 5704853220 
2851693254 2415577335 
5885169108 3743739752 
2172595382 3112640435 1344826651 
2216797114 3100684637 
2526257420 5747874781 
5462456770 3287618601 
5463797397 2271566851 
2421373127 1534594445 
1919288924 5527750301 
5383013131 0153830131 
1790391133 1819668723 
3275443462 2161707821 
5605676775 1774821494 
5667958630 5913273640 
1913613071 5521620566 5625747436 
2140987062 3246041564 
1108922173 1936970912 
5874479969 2842418974 
3965693514 2706598873 
5784862444 5382963256 5784492239 
2258660912 2975593302 
5865667422 5717996082 
5650287400 5904646641 
5214585782 5239865115 
1873933905 1765618524 
3184971324 1945999917 
1760868147 5828482389 1952914640 
5907158510 5310159164 
1907326672 3313670755 
1791379370 5883587447 
5744573025 3038478514 
1845174154 2267163563 
2865644943 5865801253 
2171719510 5831441515 
1508082321 5104974752 
2417881323 5616284057 
5665813702 3681611164 
1916768430 2699591392 
5866259139 3753037112 
1492778180 2283230970 
3328559052 1922738902 
1854865740 3558075185 
2148969454 3968468159 
3606717120 2438098734 
3567518733 1587881203 
1954291441 5454718728 
3800497992 5204190404 
5140472690 5296934793 
5134601509 2207992110 
5238251772 5876359046 
5134800788 2322514353 
2287904277 2435703477 
3890565933 5077583872 
2067531914 5528516538 
2717169523 5865544219 
1739769327 2388197801 
1991227317 1780714245 
2349395660 5214954783 2112446032 
2913285331 2759472410 3711915105 
1922133853 5904521548 
5468638524 5745314529 5817334152 
5718146450 3784203845 2682502334 
5096482561 5126339994 5126342643 
1758341357 2966122961 5743319461 
2129505963 2249414574 
5687799676 2105367852 
1726767797 5610311278 
1878676734 3731117657 
5687174863 2847161762 
3225535263 2651176933 
2424779164 1734904470 
5642817922 5662449066 
3297941391 5344293682 
5718493355 3053349170 
5825141388 5439616447 
2305257224 5763561272 
5889669907 1369466990 
2468343840 5771750539 1667012203 5306068299 
1642553272 2600825323 
5784832296 1798390315 
5834167662 2956836740 2566144852 
3870537349 1746629101 5893021580 
5217341658 3752851944 
2717169523 5865544219 
2659869481 1950948867 
1251902644 2519026440 
5538140920 5856232099 
3304232001 5872812668 
1186871076 1868710762 
2900117710 2272760174 
5548651112 5659711211 
2627969337 5059545440 
5833334408 1223911411 
2961243801 5904051809 
1838908933 2655612821 
5231244384 1523124438 
5887208931 1774281924 
3388479750 1553802935 
3200965841 3821849562 
2196437370 2879302650 
2279311884 1913165522 
3023724340 5313648781 
5462602765 5892607583 
5707145190 3031772664 
2568221374 2645327102 
5699548631 3436023164 
2212050112 5543771027 
5824595293 2174294987 
5440610726 1705916435 
1793399655 2851330442 
3628881560 5870340246 
3084312153 1653805652 
5101042164 2029766985 
5659552711 1951807411 
1871254374 2348526832 
5690876699 2239381723 
5030055598 1742324137 1983291201 
3805899640 5878498499 
3982952830 5709997869 
2023633825 5696453849 
5584151735 1864411855 
2890484997 1259242855 
2298891950 1801731783 
5606512643 5055722638 
2157849124 2049070812 
5189813758 5188386008 1266403775 2667304883 
2000566655 5549835491 
2859633884 5889601735 
5606512643 5055722638 
5131432184 3200740447 5900800516 
5596849432 5357024968 
2291884632 2953227132 
1857057645 3050618085 
5190057050 3739200311 
5855597740 2674073851 
3935867986 5794219345 
1676835092 5735573000 
2232987172 2275844122 
5252202427 1000152522 
3972815613 1903543030 
5710608529 5789584070 
2630326920 1817075134 
2371569650 5896979747 
5674099777 2198913410 
2762574483 1829234323 
1647869857 5711721203 
5840403672 3908422348 
2335067764 2326457320 2934208315 
5857382886 2012418585 
5221455226 2820665952 
1974953344 1974643174 
3188919702 2658092205 
5542542296 3181883440 
3550859601 5533432634 
1429280157 0114292801 
3104697064 5887847668 
2680185531 0126801855 
5646606456 1922571397 1375837692 
2802426504 5867847572 
3881347059 2819971554 
5358742889 3033763963 
1929308547 2604589194 
5301824417 1791145167 
2042573867 5594228708 
5091428694 2747692364 
3176082650 3804989650 
1451898415 3880119236 
1898971603 5424577294 
5626937723 2590188775 
0128167918 2816791860 
2453319131 2931842961 
3966682556 5273385103 
5774460433 2816281362 
5727422194 5864331263 
3969459609 5238570901 
5848981103 5599467627 
5905516303 1115309014 
5599204721 1861847130 
2189761614 1963463637 
5699486205 3895369045 
5805009664 3889643305 
2112437870 2120103200 
2102292653 5555597321 
5894724972 5898163792 5894711195 
5126111880 5827750825 
3264689290 5075426576 5139560418 5116246163 5669120573 5074408479 5784242038 5112477755 5075902902 5023179372 5507169462 
2975452817 5611213754 
3217701853 3214204621 
2930882961 2983542591 
1897259311 2812050854 
1001292594 2644034671 
2256971682 1749159973 
5646200491 2292913817 
3218177282 2038643005 
3509172347 3829048895 
5682080529 5882031554 
5044469912 5083811665 5207465262 1771400875 
3900654634 2453209910 
1456794734 1110656785 
5906275543 5734193076 
1339477400 2636610624 
3731377707 5544604809 
2792247062 1610012470 
2928280583 1911257911 
5900917460 1933116203 
1005357081 3959741689 
5738044907 1861614850 
2936579087 5684578023 
1753206067 2530078892 
5316098868 1952627557 3996011740 
