1114416451
2597525710
2250730223
1011276395
5701481820
1100354221
5857839293
2311539854
2792972380
5304976174
5462182490
1012642592
1168828493
5345115251
1693733244
2304183044
5030055598
1983291201
3805899640
5878498499
3982952830
2023633825
5696453849
5584151735
2890484997
1259242855
1801731783
2157849124
1266403775
5549835491
5889601735
3200740447
5900800516
5596849432
2291884632
1857057645
3739200311
5855597740
3935867986
5794219345
1676835092
2232987172
1000152522
1903543030
5789584070
2630326920
2371569650
2762574483
1647869857
5711721203
3908422348
2335067764
2934208315
5857382886
2820665952
1974953344
1974643174
3188919702
2658092205
3550859601
3104697064
5887847668
0126801855
1922571397
1375837692
2802426504
3881347059
2819971554
5358742889
1929308547
2604589194
5301824417
1791145167
2042573867
5594228708
3804989650
1451898415
1898971603
2590188775
2816791860
2453319131
2931842961
3966682556
5273385103
5774460433
2816281362
3969459609
5238570901
5905516303
1963463637
5699486205
3895369045
5805009664
2112437870
2120103200
2102292653
5894724972
5898163792
5139560418
5116246163
5669120573
5784242038
5112477755
5507169462
2975452817
5611213754
3217701853
1897259311
2812050854
1001292594
2256971682
5646200491
2292913817
3218177282
3509172347
3829048895
5682080529
5882031554
5044469912
5083811665
1771400875
3900654634
1110656785
5734193076
1339477400
2636610624
3731377707
2792247062
1610012470
2928280583
1933116203
1005357081
3959741689
